100 0.6648596256771928 0.6647450715306099 1.3862943581941536 -0.056689660986350754 
110 0.664804744901239 0.6647137013293396 1.386294353009871 -0.05677590677929256 
120 0.6638455695304519 0.6620261956065042 1.3862943355006505 -0.06042257036369425 
130 0.6630459253252629 0.6626134219639985 1.386294297062708 -0.060634949773446634 
140 0.6631400186225502 0.6620281791439899 1.386294233892949 -0.06112603612640877 
150 0.6629951322504859 0.6619618167817002 1.3862941545065688 -0.06133720547438282 
160 0.6624957303855298 0.6621673374769688 1.3862940807116575 -0.06163101284915906 
170 0.6633228268045592 0.6633765756716856 1.3862940285787326 -0.05959462610248778 
180 0.6625797666152057 0.6625773806297981 1.3862940186722374 -0.061136871427233785 
190 0.6624946311837124 0.6625050470649266 1.3862940280530571 -0.06129434980441806 
200 0.6624957463541233 0.6621673604582075 1.3862940807113542 -0.0616309738990235 
210 0.6629950874310649 0.661961826119229 1.3862941545074792 -0.06133724095718529 
220 0.6632571129716369 0.6619975076843798 1.3862942338647595 -0.06103961320874274 
230 0.6630459255154463 0.6626134206976738 1.3862942970629848 -0.0606349508498647 
240 0.6637528132535655 0.662123727586382 1.386294335597567 -0.060417794757619436 
250 0.6648197528197834 0.6647450123733347 1.3862943530620495 -0.05672958786893134 
260 0.6637596431539696 0.6635851295104719 1.3862943586009107 -0.05894958593646926 
270 0.6629679480114916 0.6629664302482732 1.3862943585737628 -0.06035998031399803 
100 0.6648596256771928 0.6647450715306099 1.3862943581941536 -0.056689660986350754 
110 0.664804744901239 0.6647137013293396 1.386294353009871 -0.05677590677929256 
120 0.6638455695304519 0.6620261956065042 1.3862943355006505 -0.06042257036369425 
130 0.6630459253252629 0.6626134219639985 1.386294297062708 -0.060634949773446634 
140 0.6631400186225502 0.6620281791439899 1.386294233892949 -0.06112603612640877 
150 0.6629951322504859 0.6619618167817002 1.3862941545065688 -0.06133720547438282 
160 0.6624957303855298 0.6621673374769688 1.3862940807116575 -0.06163101284915906 
170 0.6633228268045592 0.6633765756716856 1.3862940285787326 -0.05959462610248778 
180 0.6625797666152057 0.6625773806297981 1.3862940186722374 -0.061136871427233785 
190 0.6624946311837124 0.6625050470649266 1.3862940280530571 -0.06129434980441806 
200 0.6624957463541233 0.6621673604582075 1.3862940807113542 -0.0616309738990235 
210 0.6629950874310649 0.661961826119229 1.3862941545074792 -0.06133724095718529 
220 0.6632571129716369 0.6619975076843798 1.3862942338647595 -0.06103961320874274 
230 0.6630459255154463 0.6626134206976738 1.3862942970629848 -0.0606349508498647 
240 0.6637528132535655 0.662123727586382 1.386294335597567 -0.060417794757619436 
250 0.6648197528197834 0.6647450123733347 1.3862943530620495 -0.05672958786893134 
260 0.6637596431539696 0.6635851295104719 1.3862943586009107 -0.05894958593646926 
270 0.6629679480114916 0.6629664302482732 1.3862943585737628 -0.06035998031399803 
