0 1.0729744916242443 1.0766648308116642 1.7917594692280547 0.357879853207854 
10 1.0767094917185902 1.0767103602089698 1.7917594692280547 0.3616603826995053 
20 1.0725713048711907 1.0767408173129123 1.7917594692280547 0.3575526529560482 
30 1.072219959337771 1.0764217772761628 1.7917594692280547 0.35688226738587914 
40 1.071313055116704 1.0713210534687556 1.7917594692280547 0.35087463935740515 
50 1.0709816276767075 1.073734941819225 1.7917594692280547 0.35295710026787774 
60 1.0717219581092636 1.071683920323547 1.7917594692280547 0.35164640920475576 
70 1.0708343996320195 1.0708819509193563 1.7917594692280547 0.34995688132332137 
80 1.0706732468462874 1.0753744856777057 1.7917594692280547 0.3542882632959381 
90 1.0715940310278476 1.071581211924138 1.7917594692280547 0.35141577372393074 
100 1.0725098472318613 1.0774529677779017 1.7917594692280547 0.3582033457817084 
110 1.073135710264494 1.073133200615923 1.7917594692280547 0.35450944165236264 
120 1.0733815761374015 1.0733384798414907 1.7917594692280547 0.3549605867508372 
130 1.0732432400942113 1.073221123342834 1.7917594692280547 0.35470489420899054 
140 1.0727582620519065 1.0727634729311535 1.7917594692280547 0.353762265755005 
150 1.0720071855148068 1.0720217703317367 1.7917594692280547 0.352269486618489 
160 1.071257049345826 1.0713262171994962 1.7917594692280547 0.3508237973172672 
170 1.071138593870156 1.0710770462303105 1.7917594692280547 0.3504561708724119 
180 1.0717986950148854 1.0717975886172795 1.7917594692280547 0.3518368144041102 
