0 5.858603844313314 -0.002211914759782607 -0.6837949322004317
10 5.862885461064363 -0.0020865171569287083 -0.6833289465205202
20 5.874565007940854 -0.001790337523174233 -0.682204744296642
30 5.890579076694232 -0.0013717035534681716 -0.6803674579026696
40 5.902386806771224 -0.0009240658993353302 -0.6781434023253753
50 5.915606130438303 -0.0005316825234943853 -0.6756646784953415
60 5.93062930051431 -0.00024256626965889804 -0.6733522587049363
70 5.950402965069737 -6.434789900079405e-05 -0.67150770569765
80 5.966794484033286 1.443204841714867e-05 -0.670375293696724
90 5.985919580139493 5.5911049754743805e-06 -0.6701697498826681
100 5.990676855974403 -8.666485371403285e-05 -0.6698965927115185
110 5.99359883198258 -0.0002612757551595098 -0.6701388538856149
120 5.994845521813509 -0.0005164250435827119 -0.6703680955627142
130 5.993800786807405 -0.0008461735293466997 -0.670508633483956
140 5.991275078361126 -0.0012299331409192937 -0.6705172991778069
150 5.986489912489627 -0.0016185241359589044 -0.670556042072678
160 5.979385942706938 -0.0018506629445508849 -0.6703182055212512
170 5.974162993639686 -0.0021695207208258104 -0.670423491791587
