0 -276.92611124308627 
10 -276.9269308111046 
20 -276.92915882858006 
30 -276.9321996527878 
40 -276.93531847410884 
50 -276.9378686641661 
60 -276.9394336240855 
70 -276.9398722778469 
80 -276.93930150326236 
90 -276.9380475773538 
100 -276.93657308594976 
110 -276.93537120365147 
120 -276.9348355473438 
130 -276.935144446435 
140 -276.9362098204955 
150 -276.93771618452087 
160 -276.93923088206316 
170 -276.9403365380103 
180 -276.9407399367549 
190 -276.9403365380093 
200 -276.9392308820638 
210 -276.9377161845206 
220 -276.936209820495 
230 -276.9351444464352 
240 -276.9348355473444 
250 -276.93537120365147 
260 -276.9365730859492 
270 -276.93804757735336 
280 -276.9393015032629 
290 -276.93987227784805 
300 -276.93943362408584 
310 -276.93786866416553 
320 -276.93531847410867 
330 -276.9321996527887 
340 -276.92915882857955 
350 -276.92693081110406 
