0 0.6879655637879931 0.6879654978880498 1.3862943610584286 -0.010363299382385671 
10 0.687970702240394 0.6879667050984335 1.386294361062859 -0.010356953724031559 
20 0.6879514556604651 0.68794936853877 1.386294361075486 -0.010393536876250886 
30 0.6879188342629364 0.6879154678935918 1.3862943610911138 -0.01046005893458557 
40 0.6878882913871174 0.6878877428906667 1.3862943611044114 -0.010518326826627344 
50 0.6878603288544578 0.6878602204837276 1.3862943611128395 -0.010573811774654107 
60 0.6878285082921891 0.6878277874773443 1.3862943611166387 -0.010638065347105208 
70 0.68778308636121 0.6877801913784909 1.386294361117744 -0.010731083378043182 
80 0.6877261847801663 0.687724461794736 1.38629436111797 -0.010843714543067762 
90 0.6876614677432868 0.6876612202111032 1.3862943611181051 -0.010971673163715057 
100 0.6876074165090608 0.687603615026521 1.3862943611179401 -0.011083329582358248 
110 0.687566364259939 0.6875582485956436 1.3862943611169325 -0.011169748261349755 
120 0.6875434661237103 0.6875413705264913 1.386294361114351 -0.011209524464149245 
130 0.687575332213198 0.6875718932833441 1.3862943611089351 -0.011147135612393111 
140 0.6876232232095439 0.687620906582952 1.3862943611003447 -0.011050231307848657 
150 0.6876774754835848 0.6876761457385463 1.3862943610891914 -0.010940739867060234 
160 0.6877268720191501 0.6877273311438455 1.386294361078427 -0.010840157915431359 
170 0.6877640945514507 0.6877650098460211 1.3862943610694345 -0.010765256671962709 
180 0.6877767395041865 0.6877765832562879 1.3862943610672953 -0.010741038306820938 
