0 1.0897923587151588 1.0743906139477277 1.7917594683121179 0.37242350435076865 
10 1.0897644467312373 1.074374050938582 1.791759468386859 0.3723790292829605 
20 1.089693582020139 1.0743389847035993 1.7917594685538702 0.3722730981698681 
30 1.0895921196263707 1.074298821095884 1.7917594687655485 0.37213147195670615 
40 1.0893908389150828 1.0742834660508733 1.7917594689617287 0.37191483600422726 
50 1.0891906806088199 1.0742926669695856 1.7917594691045227 0.3717238784738828 
60 1.0890645810521942 1.0743212759324385 1.7917594691867766 0.37162638779785584 
70 1.0891000371249888 1.0743579453434 1.7917594692197705 0.37169851324861813 
80 1.089190000465981 1.0744018855347248 1.7917594692228345 0.3718324167778715 
90 1.0893372755739354 1.07445557172891 1.7917594692185463 0.37203337808429926 
100 1.0894609379761755 1.074508495281497 1.7917594692190573 0.37220996403861495 
110 1.089543520829604 1.0745499968944865 1.791759469200778 0.3723340485233124 
120 1.0895796947905005 1.0745664251731533 1.7917594690908556 0.3723866508727982 
130 1.0895482935657668 1.0745556467302833 1.7917594688381238 0.37234447145792604 
140 1.0894669961128662 1.0745178865048974 1.7917594684262208 0.3722254141915431 
150 1.089334123598749 1.0744718855848678 1.7917594679328464 0.3720465412507703 
160 1.089161695258837 1.0744420721726735 1.7917594675115445 0.37184429991996604 
170 1.0890164839187442 1.074409182838619 1.7917594670949788 0.37166619966238446 
180 1.0889287548180913 1.0744073993755097 1.7917594668754189 0.3715766873181823 
