0 0.6922083279865068 0.6922083280232483 1.386294340100949 -0.001877684091194043 
10 0.6922088211517261 0.6922087439678395 1.386294342509823 -0.0018767773902574891 
20 0.6922098426026971 0.6922097658288513 1.3862943475644904 -0.0018747391329418939 
30 0.6922112393634425 0.6922111928688929 1.3862943533992564 -0.0018719211669209201 
40 0.6922131694460247 0.6922129540031576 1.3862943578924016 -0.0018682344432192632 
50 0.6922141722367846 0.6922138997242673 1.386294360223032 -0.001866288261979987 
60 0.6922136170889959 0.6922132638362577 1.3862943608954825 -0.001867479970228958 
70 0.6922112070271218 0.6922108660484788 1.3862943609346035 -0.0018722878590029524 
80 0.692208470119142 0.6922080331859486 1.3862943609949454 -0.0018778576898548227 
90 0.6922051868622726 0.6922051851452828 1.3862943610730352 -0.0018839890654798186 
100 0.6922041429040364 0.6922037438452323 1.3862943608093727 -0.0018864740601041152 
110 0.6922033290403823 0.6922030439897942 1.3862943599797193 -0.0018879869495429524 
120 0.6922030625218225 0.692202810673961 1.3862943587158894 -0.001888485520105787 
130 0.6922030251844151 0.6922021036109607 1.3862943573645257 -0.001889228569149859 
140 0.6922031810965339 0.6922031579548649 1.3862943562242382 -0.0018880171728394846 
150 0.6922035139341602 0.6922035716559438 1.3862943554430984 -0.0018872698529943666 
160 0.6922043234264366 0.6922101000067111 1.3862943550469025 -0.0018799316137547706 
170 0.6922050913478301 0.6922052923962132 1.386294354760826 -0.0018839710167826151 
180 0.6922056333401176 0.6922056251997621 1.3862943545464121 -0.0018830960065323588 
