0 79.30922175708058 69.54828479302671 -28.01947914795991 
10 74.48565502157982 64.97325321098856 -26.98420225086543 
20 61.02807755574183 52.32742500494571 -24.026609230188463 
30 42.54381310235861 35.172771177640556 -19.710481602684116 
40 23.235557284852657 17.626592058072557 -14.814355041749982 
50 6.449242395782157 2.907159228455561 -10.144685013405827 
60 -5.929621040961833 -7.284267837683997 -6.375694915714774 
70 -13.26530733562952 -12.581106475200386 -3.962928559263971 
80 -15.631792530154584 -13.425676138479616 -3.13977456858385 
90 -13.396700414268485 -10.605463736618775 -3.9565361214625776 
100 -7.099346030169888 -5.0007731361654635 -6.300587392290005 
110 2.471460798882368 2.4997218594448305 -9.877981180769147 
120 14.202688264340704 11.014533152011108 -14.201370075743425 
130 26.730575156770442 19.688780373102638 -18.648870284795183 
140 38.666354967391094 27.747357162931966 -22.612129392973237 
150 48.8612069831335 34.570050709263796 -25.672855147392177 
160 56.56844214436048 39.743631765759936 -27.70073356733714 
170 61.42905050888884 43.05048873254638 -28.804444447488272 
