0 1.4860066372436476 2.959229284098179 1.4732204870799148 2.159774616483645e-06 2.995730063256055 
10 1.4859463720583337 2.959137636988361 1.4731892078110238 2.0571190031404285e-06 2.9957301681655726 
20 1.4857135930246976 2.95884943887948 1.473134019457265 1.8263975176679992e-06 2.9957304039226154 
30 1.4852944232249183 2.958390787976979 1.4730948628947043 1.5018573562564086e-06 2.9957307354478226 
40 1.4847820492059869 2.957756942785003 1.4729737514658305 1.1421131853595057e-06 2.9957311029206384 
50 1.4841244687107724 2.957035174333372 1.472909902195309 8.034272909185347e-07 2.99573144892365 
60 1.4833330852703548 2.956305913762428 1.4729723009868214 5.275052519237988e-07 2.995731730943992 
70 1.4823862190193458 2.9556458448759813 1.473259279119259 3.46737376588635e-07 2.995731915901648 
80 1.4815009101830867 2.955053695525072 1.4735525004030763 2.849389093562138e-07 2.9957319794533612 
90 1.480602787267534 2.9545184806036713 1.473915339459727 3.538764103971914e-07 2.995731909466037 
100 1.479827510006437 2.954029703699043 1.4742016277926493 5.658999566726663e-07 2.9957316931883473 
110 1.4791926381160883 2.95356810787743 1.4743745632140661 9.065472754699044e-07 2.995731345137964 
120 1.478711690713523 2.9531391876334574 1.474426146232974 1.3506869604995586e-06 2.9957308908470752 
130 1.4784140087929334 2.9527562155482743 1.4743403615187185 1.8452366221666239e-06 2.9957303846458894 
140 1.4782780981825439 2.952412563143217 1.4741321269213956 2.3380392777383463e-06 2.995729879947045 
150 1.4782584636921126 2.9521077183859545 1.4738464771717354 2.777522106534036e-06 2.9957294295516586 
160 1.4783335158153412 2.9518459186477606 1.4735092815617348 3.1212706845806792e-06 2.995729076978318 
170 1.4783723031545415 2.9516695291401542 1.473293885762447 3.3402231660595305e-06 2.9957288521325447 
180 1.4784054071898352 2.951587276583805 1.473178426443786 3.4429501840627097e-06 2.9957287466561544 
