[-4.90034873e+02 -4.90034873e+02 -6.52015864e+01 -6.52015823e+01
 -5.85547408e+01 -5.85547406e+01 -5.85533222e+01 -5.85533217e+01
 -5.85531844e+01 -5.85531844e+01 -1.13390385e+01 -1.13384247e+01
 -9.90180963e+00 -9.90179738e+00 -7.53697215e+00 -7.53696865e+00
 -7.49633491e+00 -7.49632812e+00 -7.49515869e+00 -7.49515526e+00
 -3.27460312e+00 -3.27445705e+00 -3.25166601e+00 -3.25108351e+00
 -3.25050541e+00 -3.25045424e+00 -3.22345063e+00 -3.22328952e+00
 -3.22320287e+00 -3.22316618e+00 -1.46018272e+00 -1.34140312e+00
 -8.77699864e-01 -8.67171409e-01 -8.63795335e-01 -7.58194256e-01
 -7.51470232e-01 -5.98108586e-01 -5.95814573e-01 -3.96912544e-01
 -3.40739912e-01 -2.98668280e-01 -2.92263589e-01  1.58019461e-01
  1.60064474e-01  1.92078046e-01  1.98201801e-01  2.69549193e-01
  3.62219066e-01  3.81620241e-01  4.19895514e-01  4.22666293e-01
  4.90110103e-01  5.31742435e-01  6.01591220e-01  6.16708430e-01
  6.17772467e-01  6.83527276e-01  6.95888441e-01  7.32999640e-01
  7.71142334e-01  7.87433933e-01  7.90983302e-01  8.11096895e-01
  8.21464922e-01  8.59920514e-01  8.60793777e-01  9.28201065e-01
  9.43343895e-01  9.45509245e-01  1.00302090e+00  1.08054972e+00
  1.13756447e+00  1.19644231e+00  1.27563947e+00  1.32738518e+00
  1.35695531e+00  1.49445258e+00  1.61533525e+00  1.65789960e+00
  1.67510334e+00  1.69838541e+00  1.76434779e+00  1.77685266e+00
  1.87230122e+00  1.90229227e+00  1.93156760e+00  1.94472259e+00
  1.95438327e+00  1.99058916e+00  2.19331660e+00  2.20454316e+00
  2.26583861e+00  2.31515969e+00  2.42969608e+00  2.44154935e+00
  2.52327571e+00  2.60267671e+00  2.71215837e+00  2.71975719e+00
  2.78024618e+00  2.86059505e+00  6.99336177e+00  7.04187139e+00
  7.05904419e+00  7.07811651e+00  7.12230531e+00  7.15834869e+00
  7.16070376e+00  7.21780183e+00  7.31146347e+00  7.33368801e+00
  9.00788821e+00  9.02365176e+00  9.05824489e+00  9.09991052e+00
  9.34070065e+00  9.35184909e+00  9.84764400e+00  9.93745464e+00
  1.49588872e+01  1.49590880e+01  1.49613928e+01  1.49616566e+01
  1.49664665e+01  1.49664911e+01  1.49665155e+01  1.49665733e+01
  1.49710597e+01  1.49760899e+01  1.49770625e+01  1.49774339e+01
  1.49781245e+01  1.49833634e+01  2.01439042e+01  2.02483771e+01
  2.29945182e+01  2.34923230e+01  2.35201529e+01  2.35548719e+01
  2.47445334e+01  2.47517524e+01]