0 1.7513294457353257 -1.45350062373667 -0.008266177511682992
10 -1.4648775040715805 1.74970377870792 -0.00812704578474076
20 1.7405140396893244 -1.4779290477462903 -0.007561684893134308
30 -1.486790142232867 1.7455024779457369 -0.0067034071050310635
40 1.7322350851551882 -1.5304810179571104 -0.005725185573585042
50 1.7223062605934705 -1.4549839699226945 -0.004572313179910305
60 -1.5154903104728876 1.6718558984920562 -0.0036019995402120733
70 1.457758122458304 -1.3574540318070056 -0.0009469256090136171
80 1.4518294918607575 1.4383746847754906 0.0007027210809154391
90 1.458491846749637 1.4511623901952206 0.00038478885733432794
100 1.4845463106510222 1.4802229828896563 8.085480018869262e-05
110 1.4928454351343008 1.4920020948768873 -0.00013712891548683142
120 1.5085309133997402 1.5040775160254187 -0.0002058869960760559
130 1.5976049008279114 -1.5779048286953894 0.00017708948765407127
140 1.5248619366565903 1.501303131647063 0.00014750846488765934
150 1.5203393669373886 -1.5023445034092562 -0.0004695057314464354
160 1.504293393244912 -1.5107500363674404 -0.0007758941330625492
170 1.5091687453157445 -1.4999055026269423 -0.0009967814830705334
