0 0.471153973538065 0.5397986931906192 
10 0.45551828368560543 0.5129091154874866 
20 0.41118981830244683 0.43765060020545854 
30 0.3452551260175429 0.32866863633490195 
40 0.266967338943927 0.2060680863040447 
50 0.1860966527018453 0.09121679938261094 
60 0.11168178975341256 0.003187063643199579 
70 0.05119679035526105 -0.04356738324405435 
80 0.010246463473567963 -0.03984192892057097 
90 -0.008168084764373735 0.019226646188813527 
100 -0.0037059382999565576 0.1353081338804608 
110 0.02136776153770262 0.3068123978208478 
120 0.06260773708749184 0.5272823790090471 
130 0.1139860863516593 0.7833082451915899 
140 0.16874191219213913 1.0535840527269025 
150 0.21994056597654002 1.3102714261896453 
160 0.26146031053684227 1.5228269593151236 
