0 0.046132591076671066 0.040356773233557776  
1 0.05114139067974686 0.030379464681810193  
2 0.009736064712992983 0.03819611596145752  
3 0.04794016558411822 0.029703984459736637  
4 -0.011353780469823837 0.0359645442528771  
5 -0.05950184045515686 0.024330243424472632  
6 -0.040702985878951055 0.017568272108423176  
7 -0.12010596291814789 0.009686500736168533  
8 -0.07419296633111212 0.009855553509705645  
9 -0.09991359814370886 0.0026055853592684163  
10 -0.1281244289984086 -0.0056531834660707644  
11 -0.16020911123132792 -0.014608675672099947  
12 -0.19000928649065518 -0.02316735584840841  
13 0.22111815281148214 0.0316850217960199  
14 -0.16531855151935548 -0.025282792985010974  
15 0.18640910829484142 0.03131598787022492  
16 0.19597415571554533 0.03479455918399512  
17 0.20856660495390683 0.0384154305837383  
