10 16.332182837339097 13.118461758012012 0.532587999339695 
20 14.61066329231962 11.861172063237937 0.5067437112958317 
30 12.15588214126894 10.12164123803605 0.48028545369306014 
40 9.428633355801942 8.280561463812887 0.4749819545719872 
50 6.853415375434473 6.663262168278401 0.5156172402520319 
60 4.743694394699881 5.474846481798357 0.6256907080932113 
70 3.2876288737412613 4.79672500531135 0.8235458773072143 
80 2.567403334246796 4.617811167948051 1.119679092112761 
90 2.5866450962286494 4.873694020445627 1.5153245343899029 
100 3.290297330554255 5.476374390028694 2.0020513226461873 
110 4.574476477536581 6.330078899407384 2.5619765719934326 
120 6.291482225129529 7.336916366369199 3.1683919862214727 
130 8.256844161249724 8.398827912498065 3.786892334458153 
140 10.262579336869894 9.420543475926138 4.377306448228983 
150 12.096583928158482 10.31478055672678 4.8967448433247975 
160 13.564885704024897 11.008259171549582 5.30383411373892 
170 14.512543533298418 11.446482195265792 5.563746779703134 
