10 1.3594951032146343 2.079441191648454 1.3594987535568959 -0.6395526651230763 
20 1.3595630344508367 2.079441247473274 1.359565477888784 -0.639687264866347 
30 1.3596831069525162 2.0794413203318074 1.3597232174477756 -0.6399650040684843 
40 1.3598593151980733 2.0794413920970642 1.3598738651953068 -0.6402917882963157 
50 1.3600819888742404 2.0794414515928823 1.3600904740354167 -0.6407310113167748 
60 1.3603085694003954 2.0794414946547404 1.3602468543258905 -0.6411139290715457 
70 1.360383204264579 2.0794415212202066 1.3603919651709442 -0.6413336482153165 
80 1.3604726031894339 2.079441533923796 1.360467848100187 -0.641498917365825 
90 1.360437075431427 2.079441536407331 1.3604496862631232 -0.6414452252872191 
100 1.3602760573956982 2.079441532193227 1.3603023233173697 -0.641136848519841 
110 1.360071127395773 2.0794415232602397 1.360123787928685 -0.6407533920642186 
120 1.3598314741330855 2.079441509684421 1.3599145938235015 -0.6403045582721658 
130 1.3593995845217763 2.07944149088755 1.3596795766625849 -0.6396376702968114 
140 1.3594346030719464 2.0794414664295746 1.3593902705005463 -0.6393834071429181 
150 1.359308728538283 2.0794414386327924 1.3592814181185575 -0.6391487080240479 
160 1.3592272479580214 2.0794414121538574 1.3592123154001925 -0.6389981512043565 
170 1.359178460434119 2.079441392930581 1.3591751660270917 -0.6389122335306294 
