0 -1.065811041714628 -1.065807771046102 0.018055285525247818
10 1.0670416282830755 1.066978487028397 0.017518693480721433
20 -1.0702884972030853 -1.0702746215250525 0.0160136483253343
30 1.0726581126581898 0.9561209019284582 0.013184536135063435
40 -1.0745296622376033 -1.074477449062878 0.011403201219316764
50 1.0758097984084096 -1.0757836552233315 -0.008930411489016228
60 1.0722239451971158 -1.2193980297624702 -0.007136351196181748
70 -1.078562320811197 0.9561155899487915 -0.00508924211730971
80 -1.0745705461500152 1.074632239400489 -0.0045361267143237145
90 1.0715421392173607 -1.0714570479499765 -0.004425210578014991
100 -1.0702884899218505 1.0675263461199225 -0.004975745339197232
110 -1.0642528883215054 -1.0642166792610053 0.006194782399183823
120 -1.0645867203483967 1.064493898366331 -0.007668601685412114
130 -1.064251470178096 -1.0643232559330589 0.009503828902390725
140 -1.0674764884035557 1.0676604329670434 -0.011307255855766028
150 -1.0742437623445125 1.0742295135335966 -0.012811756642832252
160 -1.0745704781924108 1.0772208375464736 -0.014058867337736822
170 -1.0772800178777815 -1.0824654045528963 0.014783874525599766
