0 1.3680670260704801 1.3680670357337807 2.0794414792903586 0.6566925825139025 
10 1.3680716552187815 1.3680721480630422 2.0794414833996044 0.656702319882219 
20 1.368078709017724 1.368078857316496 2.0794414930042975 0.6567160733299224 
30 1.368086442575808 1.3768069939992862 2.0794414739892004 0.6654519625858937 
40 1.3681248595742892 1.368126144672197 2.0794415161507755 0.6568094880957105 
50 1.3681540953990567 1.3681544595048116 2.0794415249970912 0.6568670299067771 
60 1.3682118573297788 1.3663059442542862 2.0794415317103714 0.6550762698736938 
70 1.368116942722852 1.376725360903281 2.079441530742963 0.6654007728831699 
80 1.368124639297931 1.3681252306747154 2.0794415364288787 0.6568083335437676 
90 1.3681012093099345 1.368101786019955 2.0794415372407795 0.6567614580891097 
100 1.368078708635306 1.3680897081888173 2.0794415369081007 0.6567268799160222 
110 1.368082818018564 1.3680832296510315 2.0794415341785992 0.656724513490996 
120 1.3680726707762711 1.3680749922153712 2.0794415278302183 0.6567061351614241 
130 1.3680827690803607 1.368082511645202 2.0794415188427724 0.6567237618827901 
140 1.3680881650164798 1.3680887153357215 2.079441504618783 0.6567353757334184 
150 1.3680902153593006 1.368092019163186 2.0794414894812485 0.6567407450412381 
160 1.3681246346802562 1.3681152481531629 2.0794414754343125 0.6567984073991067 
170 1.3681351034603457 1.368086658443612 2.079441468514813 0.6567802933891449 
180 1.3681668079779539 1.368155975332262 2.0794414586282177 0.6568813246819984 
