0 4.0810451237412104e-06  
10 3.9910520177899596e-06  
20 3.7987700836326967e-06  
30 3.498403770090293e-06  
40 3.189071081634454e-06  
50 2.9010117786567317e-06  
60 2.6648797650007973e-06  
70 2.4720577068698322e-06  
80 2.2702489045601038e-06  
90 1.970861792373649e-06  
100 1.4723588792648904e-06  
110 6.840232015300214e-07  
120 4.908684707909731e-07  
130 1.7266967962837458e-06  
140 2.959309961134411e-06  
150 4.086116863017358e-06  
160 4.9337104097166295e-06  
170 5.463488361065367e-06  
