0 0.5889647993410672 -2.2289772477449454 0.86024008087205 -1.471795522574151
10 0.5892048797051042 -2.227532396728113 0.9190819947446621 -1.4034537365254682
20 0.5895130066765759 -2.2242291368794618 0.8716494315590528 -1.4530868184183297
30 0.5902978848426499 -2.21918625270895 0.8719373010368684 -1.4535626226993923
40 0.590836781762219 -2.2141297655671135 0.8734521703432039 -1.4497439868600304
50 0.5913475107672963 -2.2096320797519566 0.8718341616666326 -1.453445149735946
60 0.5917362674435824 -2.206346703122178 0.882050872647751 -1.4379156278804415
70 0.5920025747511033 -2.2044320274788944 0.8827740544757041 -1.4367548734200106
80 0.5921437242323909 -2.203800493453769 0.8840097116086119 -1.4354941618500938
90 0.592207469642176 -2.204036187410408 0.8860078187275658 -1.4345137422019036
100 0.5922125197520339 -2.204653135187205 0.888744330241343 -1.4360612946012474
110 0.592203878231338 -2.205074453726692 0.9018901927655991 -1.4409115202977942
120 0.5921855572125561 -2.2048983174296137 0.8913803860499175 -1.435663384258453
130 0.5919009624376633 -2.204136785898629 0.8889927272050117 -1.4292754290903331
140 0.5918826867955067 -2.20245405773972 0.8830684682464196 -1.4395640523541655
150 0.5920941410572473 -2.2002108205541617 0.8783024537006094 -1.4414366356234627
160 0.5920798553142917 -2.1982367872359863 0.8773797843243369 -1.437142549417794
170 0.5920645549208657 -2.1968446006588294 0.8747573377049017 -1.4405591388798662
