0 -0.16159060037387443 -0.00044604639194811596 -1.121087924821966
10 -0.1611055486761176 -0.0004104283345548158 -1.121038092850976
20 -0.159752552120564 -0.0003189166528485103 -1.1206686642076256
30 -0.15821155016027436 -0.00020056350971547885 -1.1197520165073789
40 -0.1567249752301089 -8.686854139103119e-05 -1.118349410844475
50 -0.15525735405026508 5.599775918949562e-07 -1.116486682810707
60 -0.1536743317558677 5.043367646084138e-05 -1.114585963979438
70 -0.15185410087293488 6.273729117555951e-05 -1.113163333030325
80 -0.14982763508944538 4.15437056285528e-05 -1.1122065896897462
90 -0.14795613924384596 -7.612438239321073e-06 -1.111535891114149
100 -0.14600588631285977 -8.064039386397456e-05 -1.1108243280184587
110 -0.14428745064328502 -0.00017170918480318253 -1.1101290700850341
120 -0.1426345667810589 -0.00027180193143242203 -1.1095306681651271
130 -0.14085079358393987 -0.0003669582207526471 -1.1091709589191643
140 -0.13945547606372993 -0.000444403795984773 -1.1088903251662143
150 -0.13856625868191344 -0.0004962337803188541 -1.108446701470735
160 -0.1381545294280251 -0.0005206844106814329 -1.1077307468220698
170 -0.13802576379878043 -0.0005278156522585093 -1.1068692579729884
