0 -474.6593441516765 
10 -474.6600305891588 
20 -474.66187890516596 
30 -474.6643545557439 
40 -474.66682268574385 
50 -474.6687554667129 
60 -474.66983928066253 
70 -474.6699893204659 
80 -474.6693229235316 
90 -474.66812894682965 
100 -474.666828135706 
110 -474.66589199392627 
120 -474.6657083810605 
130 -474.66643874793454 
140 -474.6679475224572 
150 -474.66985216955106 
160 -474.67166491123436 
170 -474.672946209418 
180 -474.673406356617 
190 -474.67294620941817 
200 -474.67166491123345 
210 -474.66985216955186 
220 -474.667947522454 
230 -474.66643874793726 
240 -474.6657083810594 
250 -474.6658919939272 
260 -474.66682813570526 
270 -474.6681289468278 
280 -474.6693229235313 
290 -474.6699893204662 
300 -474.66983928066077 
310 -474.6687554667104 
320 -474.6668226857445 
330 -474.6643545557446 
340 -474.6618789051665 
350 -474.66003058915993 
