0 0.6829233400345789 0.6829070581098067 1.3658298571025342 5.41041851320756e-07 1.3862937956709862 
10 0.6829088894785265 0.6829086138110775 1.3658170075954814 4.956941226375022e-07 1.3862938432092946 
20 0.6828964205833193 0.6828966611407206 1.365792681303227 4.0042081295155185e-07 1.3862939428624004 
30 0.6829023821980428 0.6829005938476536 1.365802677110099 2.989355971649843e-07 1.386294048751981 
40 0.6829216375521393 0.6829206329674633 1.3658420584103297 2.1210927281245517e-07 1.3862941394108388 
50 0.6829418261214057 0.6829415156273547 1.3658831958629576 1.4588580299346177e-07 1.386294208682988 
60 0.6829436183650623 0.6829445396879876 1.3658880607879715 9.726507843588195e-08 1.386294259210657 
70 0.6829186393481503 0.6829205453575897 1.365839122442067 6.226367310624425e-08 1.3862942944776364 
80 0.6828766408528613 0.6828793063345215 1.3657559096532774 3.7534105379322114e-08 1.3862943180400014 
90 0.6828382381521725 0.6828360489164493 1.3656742674195665 1.96490552717421e-08 1.3862943349761205 
100 0.6828098742898643 0.682807695589452 1.3656175624161202 7.463196061152644e-09 1.386294348443894 
110 0.6827978183499566 0.6827955504274472 1.3655933650135181 3.763885647600773e-09 1.386294355340807 
120 0.682792698778306 0.6827906228684482 1.3655833111825961 1.0464157984557687e-08 1.3862943499859617 
130 0.6827657127738278 0.6827644432786864 1.365530135166728 2.088578621162185e-08 1.3862943344809548 
140 0.6827389898271167 0.6827392613738481 1.3654782106552181 4.054574676004563e-08 1.3862943015657754 
150 0.6827544480683784 0.6827548922737541 1.3655092596015765 8.074055601881014e-08 1.3862942405571077 
160 0.682798908927752 0.682801412501103 1.3656001879668371 1.3346201788166923e-07 1.3862941660822248 
170 0.6828310275581504 0.6828606331460556 1.3656914810630876 1.7964111842516672e-07 1.3862941019645385 
