0 0.9723427365123638 -1.782300716611073 -7.345012515099019e-07 -0.0022330100465259555 
10 0.9722394344116839 -1.7827156070166015 -6.952520453052244e-07 -0.0021825164108730086 
20 0.9720121581063961 -1.7834946031210455 -5.890032223516515e-07 -0.0020215073843407 
30 0.9717632167303464 -1.7844360229416691 -4.567428223883357e-07 -0.0017886838272315854 
40 0.9715785940307562 -1.7850425810580406 -3.22287969403187e-07 -0.0015004913270466672 
50 0.9715460488833646 -1.7850383319553136 -2.0768721001166843e-07 -0.0011847964513236756 
60 0.9717024585797902 -1.7845813610355539 -1.2136468259964407e-07 -0.0008683876149946489 
70 0.9720202327644878 -1.7839028439064732 -6.343075458037391e-08 -0.0005639941209671451 
80 0.9724241679872703 -1.7831392406732633 -3.059186015418698e-08 -0.00027956516251481916 
90 0.9728324748204233 -1.7824017087502528 -1.7072591696403816e-08 -3.226529359096407e-05 
100 0.9732048421912987 -1.7813601519414992 -1.653050632513284e-08 0.0001638872389460888 
110 0.9735375546953611 -1.780469902233421 -2.572389552845495e-08 0.0002942811356575663 
120 0.9738009366955285 -1.7799246108736826 -4.825606532489241e-08 0.00035167603337664556 
130 0.9738622701114603 -1.779986933588245 -8.931423011673161e-08 0.00034215663925444217 
140 0.9736929163879056 -1.7805667115407435 -1.5332121266563423e-07 3.0929326599477465e-05 
150 0.9733977098947604 -1.7810567646604474 -2.3331241411506803e-07 5.399421730556353e-05 
160 0.9730578342948573 -1.7814910841159717 -2.9331894967833303e-07 7.280059004999467e-05 
170 0.9727931475501561 -1.781513566760708 -3.4752071532565063e-07 0.00012774849861100547 
