0 0.0015820077627291278 0.9723427365123644 0.972349878938481 1.9431106076881162 
10 0.0015336173391920715 0.9722394344116836 0.9722377417487791 1.9429435588212707 
20 0.001404683419028124 0.9720121581063963 0.9720128140473016 1.9426202887346695 
30 0.0012297345821914594 0.9717632167303463 0.9717649600329141 1.942298442181069 
40 0.0010277894341546626 0.9715785940307557 0.97158041263253 1.9421312172291312 
50 0.0008196139416582049 0.9715460488833647 0.9715456047730056 1.942272039714712 
60 0.0006139904723689735 0.9717024585797904 0.9717027656364672 1.9427912337438886 
70 0.00041164951026508484 0.9720202327644879 0.9720220369935691 1.943630620247792 
80 0.00021123854859351828 0.97242416798727 0.9724275522297257 1.9446404816684022 
90 1.2503832437077357e-05 0.9728324748204231 0.9728316831750285 1.9456516541630147 
100 -0.00017637970045689412 0.9732048421912983 0.9732055684849857 1.9465867903767409 
110 -0.0003515409949121744 0.9735375546953609 0.9735363665162775 1.9474254622065506 
120 -0.0005085388481694633 0.973800936695528 0.9737985919063319 1.9481080674500293 
130 -0.000642330732129021 0.9738622701114609 0.9738572729515109 1.9483618737951007 
140 -6.788414484765616e-05 0.9736929163879053 0.9736921622466754 1.9474529627794284 
150 -9.600277302247042e-05 0.9733977098947599 0.9733987456611708 1.9468924583289533 
160 -0.00011776226425503658 0.9730578342948573 0.9730583293396423 1.9462339258987547 
170 -0.0001590060141728469 0.9727931475501563 0.9727757246147486 1.9457278781790779 
