0 -0.00031646419259241036 0.003527490900614899 -0.0004654687868791316 0.0033622466670193574
10 -0.00030494115007440546 0.0033486622266469383 -0.00045181924832092 0.003122254233302037
20 -0.0002746763129166448 0.0027874257540544 -0.0004146432279115494 0.002503595446714191
30 -0.00023640817218053157 0.002061260264849033 -0.0003609556506086561 0.0016765367217377418
40 -0.00019522374446204698 0.0013460735696590358 -0.0002965951451478341 0.0008095564972632182
50 -0.0001574311981420559 0.0007901587024945818 -0.0002269024419681838 2.7881742798111844e-05
60 -0.0001245543386104045 0.0004789985099060274 -0.00015645675489035863 -0.0005951499463372767
70 -9.521739222110182e-05 0.0004551419936598642 -8.875342123936295e-05 -0.0010262763281218745
80 -6.68553295464131e-05 0.0007361922099279826 -2.715542676998535e-05 -0.0012538385412374927
90 -3.690585652065484e-05 0.001319898903431892 2.40167380794981e-05 -0.0012820878844615057
100 -3.7264146130003117e-06 0.0021841625741502303 5.986729122339697e-05 -0.0011330227187132775
110 3.315778229138379e-05 0.003268971442855842 7.740733032890756e-05 -0.0008578449289612586
120 7.15063234231357e-05 0.004475116860043643 7.827655949228869e-05 -0.0005232382797876014
130 0.00010816593491956256 0.005711969016448356 7.061229500277683e-05 -0.00018975299300910277
140 0.00014615067404646732 0.006875540127609029 6.444383507806855e-05 0.00010029359002832891
150 0.00018672861788573711 0.007818249770350352 6.434712796725238e-05 0.00033978635279188285
160 0.00020878526166581948 0.008474046311384357 6.981625702261142e-05 0.0005375798505560815
170 0.0002322241054581764 0.008833965911497283 7.6755307429501e-05 0.0006727781110295644
