0 1.6912049867547179 1.4730104715261996 -0.3223858305600872
10 1.5894717596071686 1.3739576040616073 -0.3016722082047278
20 1.3143962560192197 1.107626103935035 -0.24052233874476114
30 0.9374083705632984 0.746989786857227 -0.14180373606484867
40 0.5337632653650757 0.3683648505314668 -0.009916502815246607
50 0.1584608035965414 0.026086786587160092 0.14973650519378925
60 -0.152374980764602 -0.24655493663193284 0.3312635173082585
70 -0.36486903532934056 -0.4201611964666399 0.5285791269175056
80 -0.4317300920698517 -0.4523960161780172 0.7354381882906905
90 -0.29025946552396825 -0.2847445280960833 0.9452993026128933 
100 0.1194874583783289 0.14021878976879906 1.1511942717207524 
110 0.8199917678085237 0.8444541562248675 1.3458608377591186 
120 1.7633454506245623 1.781348595327507 1.522338073760379 
130 2.827644438820336 2.831613768807756 1.6749111847247722 
140 3.855738083438082 3.8414552342341364 1.799926205743523 
150 4.714105627488483 4.680917584668443 1.895971432020242 
160 5.330677906340018 5.281247808687885 1.9633329644762079 
170 5.691273479160582 5.630939626583968 2.003076479538804 
180 5.808691289882298 5.744524082295113 2.0161936229471684 
190 5.691273479158688 5.6309396265821094 2.003076479538771 
200 5.330677906343369 5.281247808690945 1.963332964476207 
210 4.714105627487941 4.680917584667936 1.8959714320202576 
220 3.8557380834390473 3.8414552342353936 1.7999262057435073 
230 2.827644438818953 2.8316137688063976 1.6749111847247857 
240 1.763345450624168 1.781348595327094 1.522338073760373 
250 0.819991767809704 0.8444541562261948 1.345860837759119 
260 0.11948745837893732 0.14021878976935664 1.1511942717207515 
270 -0.29025946552395826 -0.2847445280959979 0.9452993026129057 
