0 1.3377837334896052 1.3618587357476724 2.0794366231206216 0.6202058461166557 
10 1.3378488582125372 1.3617860371862263 2.0794369306875105 0.6201979647112532 
20 1.3371368886889359 1.3616444101557221 2.0794373839128473 0.6193439149318105 
30 1.336796867319869 1.36180908871652 2.079438216707651 0.6191677393287378 
40 1.335499778466721 1.3608897589657944 2.07943906694992 0.6169504704825952 
50 1.3346453352172465 1.3604197129145092 2.079439962133322 0.6156250859984338 
60 1.334039927523421 1.3599180025909057 2.079440700584417 0.6145172295299095 
70 1.3332506633744277 1.3594804880178186 2.0794412304241003 0.6132899209681462 
80 1.3324522775989471 1.358951268241775 2.0794414878139422 0.6119620580267799 
90 1.3317868409849833 1.3586317862388304 2.0794414372345384 0.6109771899892751 
100 1.3307321169329986 1.3580512666445628 2.0794410496892297 0.6093423338883319 
110 1.330508285626328 1.358052152704422 2.0794403500931375 0.6091200882376127 
120 1.329086597323918 1.357283515948076 2.0794392010168963 0.6069309122550979 
130 1.3292505502268024 1.3571034829049018 2.0794381432565254 0.6069158898751787 
140 1.32873059892754 1.3565796668025154 2.0794369300099764 0.6058733357200787 
150 1.328532512731377 1.3563919629176426 2.0794358578230008 0.6054886178260186 
160 1.3286723923190416 1.3567206037267803 2.0794349595064485 0.6059580365393735 
170 1.3282505375275047 1.3563042862714874 2.079434376474007 0.6051204473249849 
180 1.3286079922818808 1.3569359983853726 2.07943416040508 0.6061098302621732 
