0 2.024520973230728 2.0244983299996253 2.7725870158569843 1.276432287373369 
10 2.0244907309672957 2.0241792738397475 2.7725871206214086 1.2760828841856346 
20 2.0239759928456467 2.023473857119097 2.772587364237568 1.2748624857271764 
30 2.024042287372461 2.023171511147346 2.77258768040291 1.2746261181168967 
40 2.0225455277876105 2.020922944297843 2.772587963371687 1.2708805087137671 
50 2.0216471499180013 2.01931272521135 2.7725881654226625 1.2683717097066887 
60 2.020973183500989 2.017381998444444 2.7725883057436578 1.2657668762017753 
70 2.0201477935394916 2.0160930509606065 2.772588403953023 1.2636524405470748 
80 2.019245389090049 2.0146696719001853 2.772588476392202 1.2613265845980317 
90 2.018622017429747 2.0138517909814966 2.7725885198365523 1.259885288574691 
100 2.017295362021486 2.0128751450475235 2.772588535091722 1.2575819719772872 
110 2.017274771502891 2.0132597198733553 2.772588507842403 1.2579459835338427 
120 2.0188392877650476 2.015021772350677 2.7725884627688977 1.261272597346827 
130 2.015749635491896 2.0135171729181214 2.77258841232125 1.256678396088768 
140 2.0149949114807733 2.013351142336101 2.7725883779972174 1.2557576758196562 
150 2.0147613830371696 2.0139137301859997 2.772588347435683 1.2560867657874861 
160 2.015047303268009 2.014487105285411 2.7725883298285554 1.256946078724865 
170 2.0145705928973507 2.014532449665976 2.7725883301213523 1.256514712441974 
180 2.0153680262406564 2.0153677746361387 2.772588337498379 1.2581474633784162 
