0 2.1800425038497826 2.1818621358956576 2.8903687066857944 1.4715359330596454 
10 2.1799654758705187 2.1818015834542144 2.8903688102462977 1.4713982490784354 
20 2.1797148487245113 2.181656840909106 2.8903691896703734 1.4710024999632445 
30 2.179198068591232 2.181409102681119 2.8903700565768897 1.4702371146954611 
40 2.1786251667505234 2.181082207272009 2.890370729383731 1.4693366446388012 
50 2.1780296052792405 2.1806820986870306 2.8903711890323116 1.46834051493396 
60 2.1777535650851236 2.180231158043318 2.890370914245924 1.4676138088825175 
70 2.1771351410754423 2.1798027557171276 2.8903712832192063 1.466566613573363 
80 2.1765520622416985 2.1793683108660566 2.890371446870561 1.4655489262371946 
90 2.176019291901822 2.1789747784886795 2.8903713833149736 1.4646226870755283 
100 2.1753288848516696 2.178537172898125 2.8903710659793465 1.4634949917704478 
110 2.174928556141566 2.1781995582623668 2.890370560133446 1.4627575542704871 
120 2.174587027399828 2.177911488079531 2.890369913878824 1.4621286016005355 
130 2.1742652999088166 2.17764305220543 2.8903692314762517 1.4615391206379953 
140 2.174012675708797 2.1774275193862485 2.890368492534425 1.4610717025606212 
150 2.173822433297814 2.177262618361149 2.8903677532959806 1.4607172983629821 
160 2.173703340230895 2.177125648434188 2.8903670824420913 1.4604619062229918 
170 2.1736302021820726 2.17707543035521 2.8903664357305505 1.460339196806732 
180 2.1736440177856835 2.177081950186807 2.8903658979461984 1.460360070026292 
