0 79.62695982334782 69.86852088099351 -28.053625036741543 
10 74.59295162577997 65.12055410790363 -26.99034843051201 
20 60.936284028052015 52.30467795505211 -24.00690024248154 
30 42.28997457971552 35.002351812403916 -19.666150344448265 
40 22.873336222107135 17.34796283035925 -14.740882689173834 
50 6.040751415715078 2.573710997695365 -10.032822617984749 
60 -6.3172005951022046 -7.60803101259485 -6.218513830987791 
70 -13.559425340441575 -12.822840307228109 -3.7645038876744072 
80 -15.755905400772606 -13.51124360916185 -2.919834302852436 
90 -13.278795515981987 -10.46959150702462 -3.747188024998297 
100 -6.688662534337143 -4.601846122600471 -6.135242868216681 
110 3.184560961729958 3.1641439567111385 -9.77713908402933 
120 15.172644181497043 11.897471114094571 -14.162565091148169 
130 27.856828636516934 20.695617220025124 -18.64696071508307 
140 39.81092158815712 28.752620584614924 -22.610696284104773 
150 49.87778060815583 35.44391569022366 -25.64014132384149 
160 57.330762642099934 40.37686315436404 -27.620293805263803 
170 61.848675610700944 43.36909538893262 -28.67546210349216 
180 63.35528437631026 44.368443440635254 -28.997950195393983 
