0 1.13867331800519 -1.1386712133110113 -0.05275189891242368 
10 -1.1385872714030714 1.13857676451963 -0.05094601301022023 
20 -1.1384402451490343 1.1384233927957206 -0.04592844380323196 
30 1.1381869848910835 1.1381921503385892 0.03874929150705076 
40 -1.1379765586138382 1.1379499946364557 -0.03076717287354667 
50 1.1378904362201525 1.1376922757463084 0.02327971381267557 
60 1.1376610759868642 1.1376987143328143 0.01727403165669673 
70 1.1377953782378403 -1.1377994324131866 -0.013347579726742213 
80 1.1379255606530916 -1.1379631148018046 -0.01172674217397862 
90 -1.1381906328883094 1.138186197055768 -0.012334431861760422 
100 -1.1384309071726237 1.1384176355093991 -0.014854279842632193 
110 1.1386133134625276 1.138609850415374 0.01878314775174885 
120 1.1386593428122835 -1.1386722478048887 -0.023497647316765718 
130 1.138599040610936 1.1386123786335658 0.028350267844052323 
140 -1.1384463789554897 1.1383622330381231 -0.03278660056192248 
150 1.1381592016215878 1.138270768069584 0.036417326117595926 
160 1.1379765055987852 1.1379647681195524 0.03904304692847956 
170 1.1377639160358923 1.1377915874981854 0.04061181705300149 
