0 0.0002779714937672605 
10 0.0002733351587407783 
20 0.00025767566810241705 
30 -0.00022562510183342263 
40 0.0001723449618646137 
50 -9.816298883176582e-05 
60 -1.1193393028552064e-05 
70 -7.13974897620591e-05 
80 -0.00012462965847410946 
90 -0.00012001835729168815 
100 -3.229440370347185e-05 
110 -0.00015270709658005713 
120 0.00043160661279341965 
130 -0.0007825032756868332 
140 0.001161768624969781 
150 -0.0015295894774351915 
160 -0.0018299949730106106 
170 -0.0020269007198494794 
180 -0.0020953735599599493 
