0 -0.053367257892702025 0.6665347974404696 0.6663919978475412 1.3862940531807129 1s 2s   
0 -0.0023483040015823686 0.6917941861913719 0.6921518371192505 1.3862943273122048 1s 2px   
0 -0.0016328714173876602 0.6923303504056553 0.6923311194817103 1.3862943413047533 1s 2py   
0 -0.005527433954166439 0.6895198580549281 0.6912470284787233 1.3862943204878178 1s 2pz   
0 -0.02599280103180046 0.6794432121027756 0.6808583124940287 1.3862943256286049 2s 2px   
0 -0.024830316580425338 0.6798245204188158 0.6816394937435728 1.386294330742814 2s 2py   
0 -0.03087572122841853 0.677535910685417 0.6778826932828146 1.3862943251966502 2s 2pz   
0 -2.60695923071097e-06 0.6931445906033402 0.6931471606011739 1.3862943581637448 2px 2py   
0 -0.00016162759197491106 0.6930004645263834 0.6931322611742127 1.386294353292571 2px 2pz   
0 -0.00010242256547310369 0.693053629050602 0.6931383053573299 1.386294356973405 2py 2pz   
10 -0.050377387196469225 0.6677965990686838 0.6681203231731108 1.3862943094382638 1s 2s   
10 -0.001931109496862593 0.6921891145162927 0.6921740933715861 1.3862943173847415 1s 2px   
10 -0.0016530939790959653 0.6923319471924675 0.6923093002753224 1.386294341446886 1s 2py   
10 -0.0034292635402832783 0.6914164426823581 0.6914486293481554 1.3862943355707968 1s 2pz   
10 -0.02106636951551799 0.6825564887707849 0.6826714679104728 1.3862943261967757 2s 2px   
10 -0.019503819909568954 0.6833081763208095 0.6834823462161976 1.3862943424465761 2s 2py   
10 -0.030217948282535545 0.6778433979486801 0.6782329721860332 1.386294318417249 2s 2pz   
10 -1.8211009009672097e-06 0.6931469208163484 0.6931456158437037 1.386294357760953 2px 2py   
10 -5.608796351519452e-05 0.6931259211770899 0.6931123486251558 1.386294357765761 2px 2pz   
10 -5.636218043680863e-05 0.6931251143920526 0.6931128834538292 1.3862943600263187 2py 2pz   
20 -0.05309428934514515 0.6669354124474031 0.6662643996655853 1.3862941014581336 1s 2s   
20 -0.0019878859707465057 0.6921682521113297 0.6921381944477342 1.3862943325298105 1s 2px   
20 -0.001740275036325567 0.6923331664485421 0.6922208991310927 1.3862943406159605 1s 2py   
20 -0.003566275148748632 0.6913918850467993 0.6913361776090301 1.386294337804578 1s 2pz   
20 -0.023834371957355938 0.6815934449747421 0.6808665184921658 1.3862943354242638 2s 2px   
20 -0.022848332284077122 0.6823545083344318 0.6810914988565047 1.3862943394750136 2s 2py   
20 -0.030329387556435217 0.6778599911656271 0.678104960084126 1.3862943388061884 2s 2pz   
20 -1.7230447975080665e-06 0.6931471580073645 0.6931454771944408 1.3862943582466027 2px 2py   
20 -1.969052480821354e-05 0.6931465005812918 0.6931281660934359 1.3862943571995359 2px 2pz   
20 -1.1303206995716408e-05 0.6931469814776624 0.6931360738109154 1.3862943584955736 2py 2pz   
30 -0.04927209247820796 0.6684998798249839 0.6685221959777193 1.3862941682809113 1s 2s   
30 -0.0018810316523565351 0.6922073901724584 0.6922059215636716 1.3862943433884864 1s 2px   
30 -0.0018204973271978009 0.6923314196290785 0.692142429029313 1.3862943459855892 1s 2py   
30 -0.003335628857091155 0.6913711438909236 0.6915875708561646 1.3862943436041792 1s 2pz   
30 -0.019762936813859433 0.6832779131163226 0.6832534883286725 1.3862943382588546 2s 2px   
30 -0.019523685531762203 0.6840309129955346 0.6827397474061068 1.3862943459334036 2s 2py   
30 -0.029139210368398727 0.6778888471266988 0.6792662734016173 1.3862943308967148 2s 2pz   
30 -6.793596400989088e-06 0.6931464860990517 0.6931410789288268 1.3862943586242795 2px 2py   
30 -0.00010741123370894279 0.6930801407490736 0.6931068066455712 1.3862943586283538 2px 2pz   
30 -0.00012833142556867294 0.6930820599917372 0.693083967740831 1.386294359158137 2py 2pz   
40 -0.0532953330039454 0.6665262476885532 0.666472665395728 1.3862942460882266 1s 2s   
40 -0.0020192145942652395 0.6921198327365365 0.6921553047540479 1.3862943520848496 1s 2px   
40 -0.002014486429389173 0.692337568615585 0.6919422900127077 1.386294345057682 1s 2py   
40 -0.0032400414893059004 0.6913587648714927 0.6916955451961497 1.3862943515569484 1s 2pz   
40 -0.024072684317368864 0.6809975807192736 0.6812240772501446 1.386294342286787 2s 2px   
40 -0.024183640028918596 0.681862601911662 0.6802481034369193 1.3862943453774998 2s 2py   
40 -0.029132125522723262 0.6779668652751685 0.6791953545528291 1.3862943453507208 2s 2pz   
40 -5.516311147202302e-06 0.6931467994654119 0.6931420436607838 1.386294359437343 2px 2py   
40 -1.7688186712216947e-05 0.6931372306740958 0.6931394405495184 1.3862943594103263 2px 2pz   
40 -8.525719658258879e-06 0.6931434290067753 0.6931424046344581 1.3862943593608916 2py 2pz   
50 -0.05128427926029899 0.6674946163657438 0.6675154070699358 1.3862943026959786 1s 2s   
50 -0.0019714518541691373 0.6921454242988021 0.6921774818176585 1.3862943579706297 1s 2px   
50 -0.002104615216245165 0.6923397282263579 0.6918500131417884 1.3862943565843915 1s 2py   
50 -0.0028642788904378325 0.6914810877602782 0.6919489908696992 1.3862943575204152 1s 2pz   
50 -0.021811758302986872 0.6821543374948035 0.6823282533171496 1.38629434911494 2s 2px   
50 -0.02317022989344597 0.68301796199283 0.6801061573675818 1.3862943492538577 2s 2py   
50 -0.027604811499392756 0.6779571423470964 0.6807323923219355 1.3862943461684245 2s 2pz   
50 -5.580469364163676e-06 0.6931470233814696 0.6931417562355915 1.3862943600864253 2px 2py   
50 -1.7795995674863008e-05 0.6931325587109616 0.6931440056126316 1.3862943603192681 2px 2pz   
50 -2.3815371411828323e-05 0.6931353744734404 0.6931351704691457 1.386294360313998 2py 2pz   
60 -0.053305296311069617 0.666384496891345 0.6666045466086301 1.3862943398110448 1s 2s   
60 -0.002043811745714219 0.6920803307505561 0.6921702184196529 1.3862943609159233 1s 2px   
60 -0.001834213658187256 0.6923408452655341 0.692119299366975 1.3862943582906964 1s 2py   
60 -0.003430067756304611 0.6913085459982065 0.6915557433996233 1.3862943571541344 1s 2pz   
60 -0.023792552364974018 0.6810957976749371 0.6814060028585922 1.3862943528985032 2s 2px   
60 -0.02367385774343367 0.6816330812186451 0.6809874130223176 1.3862943519843962 2s 2py   
60 -0.029996676228772223 0.6776579394511952 0.6786397368451029 1.3862943525250704 2s 2pz   
60 -4.032313436708179e-06 0.6931453134634016 0.6931450148109993 1.3862943605878375 2px 2py   
60 -3.7642372251234235e-05 0.6931174809301097 0.6931392373862141 1.386294360688575 2px 2pz   
60 -8.202868072570979e-06 0.693141277953117 0.6931448797503701 1.3862943605715596 2py 2pz   
70 -0.051426913155053766 0.6679588047726783 0.6669086366797956 1.3862943546075277 1s 2s   
70 -0.0019264809325345578 0.692214853374921 0.6921530250578514 1.386294359365307 1s 2px   
70 -0.001744128139830492 0.6923401236907236 0.6922101073264098 1.3862943591569639 1s 2py   
70 -0.003350143656717819 0.6914151088236489 0.6915291071689823 1.3862943596493489 1s 2pz   
70 -0.021784614866509067 0.6829138957574803 0.681595845315963 1.3862943559399523 2s 2px   
70 -0.021298908463243116 0.6835185046586014 0.681476942471595 1.3862943555934395 2s 2py   
70 -0.029917519578200213 0.6776985353734519 0.6786783009073336 1.3862943558589857 2s 2pz   
70 -1.9762025220693147e-06 0.69314717852516 0.6931452061547161 1.386294360882398 2px 2py   
70 -3.785903093267429e-05 0.6931139912757398 0.6931425106896266 1.3862943609962992 2px 2pz   
70 -3.619872708626737e-05 0.6931153728419583 0.6931427890790383 1.3862943606480829 2py 2pz   
80 -0.051578956683181465 0.6681047147607919 0.6666106826857685 1.386294354129742 1s 2s   
80 -0.0019826900599635433 0.6922069628529862 0.6921047041389248 1.3862943570518744 1s 2px   
80 -0.0016439692505689774 0.692337339285948 0.692313048470832 1.386294357007349 1s 2py   
80 -0.003461336140421878 0.6914133403896938 0.6914196806926056 1.3862943572227213 1s 2pz   
80 -0.022361249173899367 0.6829466560348767 0.6809864525992897 1.3862943578080658 2s 2px   
80 -0.02082070513774692 0.6836627074544961 0.6818109453396743 1.3862943579319174 2s 2py   
80 -0.030243885622051492 0.6778131091012409 0.6782373631553182 1.3862943578786107 2s 2pz   
80 -5.581818003363992e-07 0.6931470685682887 0.693146734170903 1.3862943609209921 2px 2py   
80 -4.7330687952262807e-05 0.6931073259238225 0.693139704329733 1.386294360941508 2px 2pz   
80 -4.190738080178669e-05 0.6931081883399275 0.6931442652216695 1.3862943609423988 2py 2pz   
90 -0.050461976506112505 0.6674214817544148 0.6684108973245848 1.3862943555851122 1s 2s   
90 -0.0019234290461480619 0.692162681496494 0.6922082448046663 1.3862943553473084 1s 2px   
90 -0.0016228002526599283 0.692335779761998 0.6923357774214277 1.3862943574360855 1s 2py   
90 -0.003456880875777113 0.6914577173949512 0.6913797592148976 1.386294357485626 1s 2pz   
90 -0.02107365731814359 0.682030956772609 0.6831897447536559 1.3862943588444085 2s 2px   
90 -0.019404114316089682 0.6829261950579751 0.6839640497261055 1.3862943591001704 2s 2py   
90 -0.030432065544137465 0.6779900530372776 0.6778722401353523 1.3862943587167673 2s 2pz   
90 -5.822516271347666e-07 0.6931471385074857 0.6931466398644148 1.3862943606235276 2px 2py   
90 -6.726911799392887e-05 0.6931402145312244 0.6930868771280121 1.3862943607772304 2px 2pz   
90 -6.419890253517302e-05 0.6931396939149109 0.6930904682188546 1.3862943610363005 2py 2pz   
100 -0.05097750489431996 0.6668448220605842 0.6684720327289362 1.3862943596838402 1s 2s   
100 -0.001932575786767421 0.6921656357434036 0.6921961394952492 1.3862943510254202 1s 2px   
100 -0.0016492917049168998 0.6923331592860107 0.6923119096061048 1.3862943605970324 1s 2py   
100 -0.0035175348263574158 0.6913780320492412 0.6913987939043441 1.3862943607799427 1s 2pz   
100 -0.021605082702164546 0.6815256661067188 0.6831636106710199 1.3862943594799033 2s 2px   
100 -0.020171780809700612 0.6822452496656308 0.6838773293797098 1.3862943598550412 2s 2py   
100 -0.030393910964577664 0.6778195421505134 0.6780809059009794 1.3862943590160706 2s 2pz   
100 -1.109979596680688e-06 0.6931471540507428 0.6931460961848268 1.3862943602151663 2px 2py   
100 -6.464126542904403e-05 0.6931454216795009 0.6930842976707274 1.3862943606156575 2px 2pz   
100 -5.97900805041629e-05 0.6931470039885139 0.6930875666323355 1.3862943607013536 2py 2pz   
110 -0.05122368353139373 0.6688943740495521 0.6661762968557896 1.3862943544367354 1s 2s   
110 -0.0019494558578483367 0.6921816740087978 0.6921632243798466 1.3862943542464927 1s 2px   
110 -0.0017698374231134295 0.6923313462118258 0.6921931642754787 1.386294347910418 1s 2py   
110 -0.003683066158402859 0.6913237765845552 0.6912875094245281 1.3862943521674862 1s 2pz   
110 -0.022036127516160242 0.6834486457020319 0.680809585611706 1.3862943588298982 2s 2px   
110 -0.02094743731847304 0.6844104948296679 0.6809364281225535 1.3862943602706945 2s 2py   
110 -0.03019114942244494 0.6780641801453151 0.6780390302640837 1.3862943598318438 2s 2pz   
110 -4.010552209443574e-06 0.6931449678744532 0.6931453816102074 1.38629436003687 2px 2py   
110 -0.00012722071814441627 0.6930421103674427 0.6931250288396549 1.386294359925242 2px 2pz   
110 -0.00010754961061953949 0.6930560048816468 0.6931308054619517 1.386294359954218 2py 2pz   
120 -0.05106489213702581 0.6686051942719367 0.6666242271592898 1.3862943135682522 1s 2s   
120 -0.001964053479871053 0.6921901696208337 0.6921400383860217 1.3862942614867264 1s 2px   
120 -0.0018989124102612998 0.6923314709638806 0.6920639291890613 1.3862943125632032 1s 2py   
120 -0.0033354349876297817 0.6913533252548532 0.6916055522136637 1.3862943124561466 1s 2pz   
120 -0.02194320653939652 0.6832497206530634 0.6811014326465414 1.3862943598390014 2s 2px   
120 -0.021439595204665762 0.6841261120464245 0.6807286531605208 1.386294360411611 2s 2py   
120 -0.029159079151818146 0.677971989866677 0.6791632893989566 1.3862943584174519 2s 2pz   
120 -2.0038053802906575e-06 0.6931455505120487 0.6931468057545542 1.3862943600719833 2px 2py   
120 -8.149429523762741e-05 0.6930706336306696 0.6931422298445042 1.3862943577704114 2px 2pz   
120 -7.121730323644826e-05 0.693078871604127 0.6931442700950674 1.3862943590024308 2py 2pz   
130 -0.04966392212155335 0.6684464460395974 0.6681838315600039 1.3862941997211546 1s 2s   
130 -0.0019297516079799237 0.692170983950622 0.6921934655141482 1.3862942010727501 1s 2px   
130 -0.002037295363984004 0.6923314989996071 0.6919254100818872 1.3862942044454782 1s 2py   
130 -0.003079151355948939 0.6913941319497053 0.6918208866974196 1.386294170003074 1s 2pz   
130 -0.02043067835479473 0.6829841339789147 0.6828795474927205 1.38629435982643 2s 2px   
130 -0.021259191475749173 0.6839742721240452 0.6810608963815513 1.3862943599813455 2s 2py   
130 -0.027633120772269537 0.6780853060977612 0.680575930670759 1.3862943575407898 2s 2pz   
130 -1.4402139452807106e-05 0.693145893167466 0.6931340644786064 1.386294359785525 2px 2py   
130 -7.432758039849219e-05 0.693083612716561 0.6931364140551151 1.3862943543520747 2px 2pz   
130 -9.726126982756433e-05 0.6930901386760003 0.6931069579743021 1.3862943579201301 2py 2pz   
140 -0.051811647679162576 0.6667535249076328 0.6677288415907712 1.3862940141775666 1s 2s   
140 -0.001968696111654955 0.6921459641428132 0.6921792284128621 1.3862938886673302 1s 2px   
140 -0.0019094220059221456 0.6923327070406518 0.6920518880857942 1.386294017132368 1s 2py   
140 -0.003197535640192095 0.6913712192679944 0.6917252377358372 1.3862939926440236 1s 2pz   
140 -0.022395611815233085 0.6814899563118912 0.6824087869012669 1.3862943550283913 2s 2px   
140 -0.022546966129612045 0.6821238999045598 0.6816234940347472 1.386294360068919 2s 2py   
140 -0.02900838300952091 0.677738486399995 0.6795474899281013 1.3862943593376171 2s 2pz   
140 -1.4285923277679302e-06 0.6931469123540709 0.69314601628334 1.3862943572297388 2px 2py   
140 -1.5906333362014635e-05 0.6931410844364381 0.6931373688198195 1.3862943595896196 2px 2pz   
140 -1.8628256869934745e-05 0.6931468267302414 0.6931289055916358 1.3862943605787472 2py 2pz   
150 -0.051858554034482696 0.6676588991129168 0.6667763218033609 1.3862937749507604 1s 2s   
150 -0.0019014382199307178 0.6922014144251257 0.6921909076328546 1.386293760277911 1s 2px   
150 -0.0018468070827739602 0.6923344658689536 0.6921124764992308 1.3862937494509584 1s 2py   
150 -0.0033055221593623063 0.6914232002193452 0.6915650516347769 1.3862937740134844 1s 2pz   
150 -0.022101087052365465 0.6825249496653489 0.6816683168113093 1.3862943535290237 2s 2px   
150 -0.021885072243636117 0.6831842424862925 0.6812250457600441 1.3862943604899727 2s 2py   
150 -0.02999112387188041 0.6777576083757528 0.678545625951799 1.3862943581994323 2s 2pz   
150 -1.311006730508879e-06 0.6931471254072872 0.6931459208306734 1.386294357244691 2px 2py   
150 -1.9678914615406384e-05 0.6931310408056686 0.6931436383793568 1.3862943580996407 2px 2pz   
150 -1.7292488417863794e-05 0.6931303404727251 0.6931467267478384 1.3862943597089814 2py 2pz   
160 -0.051501030185551855 0.6684969088176751 0.6662955839895474 1.3862935229927742 1s 2s   
160 -0.0019273647126651916 0.6922080944298585 0.6921580453139953 1.386293504456519 1s 2px   
160 -0.0017533349676137622 0.6923375802494345 0.6922025927277824 1.3862935079448306 1s 2py   
160 -0.003553703248254214 0.6913802201580901 0.6913595982721674 1.3862935216785117 1s 2pz   
160 -0.02199852730952423 0.683263201783781 0.6810326233640484 1.3862943524573537 2s 2px   
160 -0.021128298668936507 0.6840607840063961 0.6811052774787378 1.3862943601540705 2s 2py   
160 -0.030354588379196468 0.6778981517471818 0.6780416159830773 1.3862943561094556 2s 2pz   
160 -2.664031598875738e-06 0.693146766072366 0.6931449268438383 1.3862943569478032 2px 2py   
160 -8.717160351845443e-05 0.6930790670765681 0.6931281167225023 1.3862943554025888 2px 2pz   
160 -7.475091235242814e-05 0.6930835253529068 0.6931360813319148 1.386294357597174 2py 2pz   
170 -0.05164436393380667 0.6682623858412583 0.6663865838285152 1.38629333360358 1s 2s   
170 -0.002013963137480035 0.6921825384179505 0.6920968120643292 1.3862933136197597 1s 2px   
170 -0.0016466522985643106 0.6923401761365555 0.6923065020251469 1.3862933304602667 1s 2py   
170 -0.0034922705974005375 0.6914382877687021 0.6913627727268234 1.3862933310929262 1s 2pz   
170 -0.022520420623688864 0.6828753245378162 0.6808986072631393 1.3862943524246445 2s 2px   
170 -0.020896855156828265 0.6838357384727705 0.6815617657050095 1.3862943593346082 2s 2py   
170 -0.030255464678257793 0.6780533351059155 0.6779855543480824 1.3862943541322557 2s 2pz   
170 -1.7601241615317065e-06 0.6931469200895333 0.6931456765615736 1.3862943567752684 2px 2py   
170 -6.794992334313577e-05 0.6930970965824266 0.6931293063053734 1.386294352811143 2px 2pz   
170 -5.1872438616262784e-05 0.6931016267787197 0.6931408562831987 1.3862943555005345 2py 2pz   
180 -0.05195192383097447 0.6669823510048802 0.6673589880846265 1.3862932629204812 1s 2s   
180 -0.0019681023268709463 0.6921275810185703 0.6921975582321769 1.3862932415776181 1s 2px   
180 -0.001612065482979208 0.6923404133972801 0.6923407870789838 1.3862932659592433 1s 2py   
180 -0.0034369663226041514 0.6914404162106195 0.6914158775284447 1.3862932600616682 1s 2pz   
180 -0.022142955068963577 0.6817483773606302 0.682403018931561 1.3862943513611548 2s 2px   
180 -0.02101258183321808 0.682420998480896 0.6828607785400707 1.3862943588541847 2s 2py   
180 -0.030959810359199036 0.6777759197348338 0.6775586231361379 1.3862943532301708 2s 2pz   
180 -1.1546956608654568e-06 0.6931463284611922 0.6931468732914832 1.386294356448336 2px 2py   
180 -2.5198811966165025e-05 0.6931362704005435 0.6931328827519507 1.3862943519644604 2px 2pz   
180 -8.496919587930307e-06 0.693146271662497 0.6931395852481698 1.3862943538302548 2py 2pz   
