0 0.8838219048584373 1.5932034419959993 1.5932034153076775 2.3025849524452395 4.566029192701729e-05 1.6094377857260636   
10 0.8838251241478292 1.5932050074942494 1.593205160154321 2.302585043500741 -0.0006633116202115379 1.6094378945942136   
20 0.8838326649783426 1.5932088129745752 1.5932088305602181 2.3025849785564505 -3.779017599240452e-05 1.6094378043770827   
30 0.8838411159870989 1.5932130814732663 1.5932130354409433 2.302585000927111 -0.00012275655437195645 1.6094378309326696   
40 0.8838471038647797 1.593216105995248 1.5932160384790222 2.3025850406094905 9.909417018692554e-06 1.6094378618112333   
50 0.883849923081359 1.5932171221949465 1.5932178662949914 2.302585065408579 -0.00019397753059715277 1.6094378885332592   
60 0.8838511920800318 1.59321806240141 1.5932182105809236 2.302585080902302 -0.000179405013128029 1.6094379014145932   
70 0.8838501451002401 1.5932176068368122 1.5932176276693009 2.302585089405873 -6.0940724971613154e-05 1.609437909749271   
80 0.8838473066157917 1.5932161728007412 1.5932162236727478 2.3025850898576974 4.778851197407899e-05 1.6094379095732623   
90 0.8838410610764322 1.5932130718400017 1.5932130788776415 2.302585089641211 8.803321204395404e-05 1.609437909317231   
100 0.8838325584657496 1.5932088389374865 1.5932088071582655 2.3025850876300025 3.272958469581452e-05 1.6094379076699217   
110 0.8838249036064108 1.5932049992140787 1.5932049885767643 2.3025850841844324 0.000284023515857049 1.6094379071407587   
120 0.8838217916636721 1.5932034200240082 1.593203420774126 2.302585049134462 -0.00039192472446747547 1.6094378751882532   
130 0.8838248459529394 1.5932049600006237 1.5932048922474078 2.302585006295092 0.0008395023496481167 1.6094378484504317   
140 0.8838330090092339 1.5932088924286778 1.593208998373694 2.302584881793138 -0.0010815463046723638 1.60943772952079   
150 0.8838410391088685 1.593212981516483 1.593212891427029 2.3025848338346435 0.001548793821930879 1.609437719463853   
160 0.8838474225617121 1.593216073103878 1.5932160838881129 2.302584734430279 0.001785092669437483 1.6094376394636931   
170 0.8838507296897653 1.5932177150132296 1.5932176761749386 2.302584661498403 0.0019336724934845195 1.6094375797586842   
180 0.8838514637857195 1.5932180099202218 1.5932180885877791 2.3025846347222814 0.00198304343628076 1.6094375574496584   
