0 1.5932034419959988 2.302584930051878 1.5932034153076777 0.8838219272517986 
10 1.5932050074942494 2.302584940153124 1.5932051601543211 0.8838252274954463 
20 1.5932088129745752 2.3025849668539116 1.5932088305602181 0.8838326766808815 
30 1.5932130814732663 2.302585001645847 1.593213035440943 0.8838411152683623 
40 1.5932161059952477 2.302585035586115 1.5932160384790222 0.8838471088881548 
50 1.5932171221949467 2.3025850624910396 1.5932178662949914 0.8838499259988986 
60 1.59321806240141 2.3025850797355125 1.5932182105809236 0.8838511932468212 
70 1.5932176068368122 2.3025850878161322 1.5932176276693009 0.8838501466899809 
80 1.5932161728007412 2.3025850895023603 1.5932162236727478 0.8838473069711288 
90 1.5932130718400017 2.302585088027985 1.5932130788776415 0.8838410626896582 
100 1.5932088389374863 2.3025850837839035 1.5932088071582655 0.8838325623118481 
110 1.5932049992140789 2.3025850709947018 1.5932049885767643 0.8838249167961414 
120 1.5932034200240082 2.3025850376747097 1.5932034207741257 0.8838218031234244 
130 1.5932049600006233 2.302584971137022 1.593204892247408 0.8838248811110097 
140 1.5932088924286778 2.3025848672777305 1.593208998373694 0.8838330235246414 
150 1.5932129815164833 2.3025847376760287 1.5932128914270294 0.8838411352674842 
160 1.593216073103878 2.302584608938467 1.5932160838881126 0.8838475480535237 
170 1.5932177150132296 2.3025845138214724 1.5932176761749388 0.883850877366696 
180 1.5932180099202216 2.3025844787756884 1.5932180885877791 0.8838516197323121 
