0 13.14260984578122 12.883301872379937 0.13203103655487006 
10 12.743041888520706 12.489186856915811 0.1494559166712717 
20 11.612820578830872 11.375326096195513 0.2007695481980025 
30 9.935308632096202 9.72481055918806 0.28321378321934915 
40 7.956480347115765 7.782436927813472 0.39257736681937133 
50 5.931951266065237 5.801203173307488 0.5236783225594022 
60 4.0948694950718885 4.010174647677198 0.6708781385382051 
70 2.6466221500583615 2.6058086723941125 0.8285242934493767 
80 1.7575707052305634 1.7537563328350323 0.9912498143181263 
90 1.561773403904181 1.5846855957815675 1.1541105480660685 
100 2.136587639622415 2.1745856670144703 1.3125945670859873 
110 3.4716364084355407 3.5137859597875494 1.462572048504835 
120 5.445095471987069 5.482699105369234 1.6002568627151206 
130 7.827805173917916 7.8551172527139235 1.7222330120792486 
140 10.321688231427181 10.335935940615833 1.825563005001011 
150 12.617957017443741 12.618995373300846 1.9079289442527696 
160 14.450166395533714 14.440029402166678 1.9677050701140755 
170 15.624746413330708 15.607160778502243 2.003900897662167 
180 16.028517149768 16.008318349571137 2.0160157501349434 
