100 0.14021912599103373 0.15192598267180785 
110 0.8444549729545725 0.7001926087403273 
120 1.7813498858380206 1.4691444184063192 
130 2.831615470404041 2.3615620577891097 
140 3.8414572520356547 3.2463103661745527 
150 4.680919827045431 4.004799588407598 
160 5.2812501966092835 4.563979025287647 
170 5.6309524191650855 4.898313921331644 
180 5.744528961898715 5.008593109578269 
190 5.630952419164097 4.898331748695943 
200 5.281250196608578 4.563976010670633 
210 4.680919827043132 4.004799087408302 
220 3.841457252035823 3.246301518667279 
230 2.8316154704031122 2.361556135928317 
240 1.781349885836763 1.4691509521111357 
250 0.8444549729554827 0.7001908081070551 
260 0.1402191259910038 0.1519260316756392 
270 -0.284744643731061 -0.14076801935254912 
